Step,Value
241,186
469,228
712,243
1098,386
1273,175
1758,485
1898,140
2222,324
2442,220
2829,387
3082,253
3566,484
3728,162
3889,161
4189,300
4597,408
4911,314
5205,294
5369,164
5705,336
5878,173
6033,155
6348,315
6575,227
6710,135
6849,139
7104,255
7266,162
7470,204
7625,155
7802,177
7994,192
8404,410
8520,116
8722,202
8832,110
9130,298
9630,500
9798,168
9954,156
10103,149
10286,183
10497,211
10704,207
10925,221
11203,278
11653,450
12008,355
12260,252
12439,179
12678,239
12915,237
13197,282
13418,221
13702,284
14104,402
14257,153
14392,135
14736,344
14902,166
15139,237
15398,259
15618,220
15755,137
15951,196
16152,201
16454,302
16584,130
16719,135
16924,205
17033,109
17220,187
17461,241
17618,157
17764,146
17903,139
18049,146
18318,269
18618,300
18771,153
19136,365
19389,253
19735,346
20164,429
20397,233
20521,124
20801,280
20970,169
21399,429
21546,147
22046,500
22271,225
22434,163
22721,287
22872,151
23136,264
23472,336
23784,312
24251,467
24467,216
24890,423
25282,392
25444,162
25709,265
25923,214
26171,248
26494,323
26722,228
27062,340
27207,145
27391,184
27563,172
27720,157
27806,86
27942,136
28136,194
28344,208
28613,269
28799,186
29001,202
29161,160
29288,127
29691,403
29985,294
30227,242
30522,295
30789,267
31194,405
31530,336
31734,204
32046,312
32255,209
32367,112
32822,455
33187,365
33335,148
33507,172
33712,205
33932,220
34151,219
34531,380
34655,124
34835,180
35044,209
35507,463
35828,321
36039,211
36360,321
36579,219
36726,147
37063,337
37204,141
37503,299
37806,303
37917,111
38205,288
38705,500
38913,208
39269,356
39595,326
40022,427
40219,197
40408,189
40757,349
41021,264
41389,368
41667,278
41898,231
42055,157
42386,331
42772,386
43272,500
43772,500
43973,201
44190,217
44590,400
44904,314
45153,249
45648,495
46112,464
46536,424
46763,227
47104,341
47604,500
47783,179
48053,270
48500,447
48973,473
49168,195
49471,303
49657,186
49877,220
50174,297
50578,404
50734,156
50863,129
51164,301
51540,376
52040,500
52529,489
52761,232
53118,357
53263,145
53393,130
53565,172
53790,225
54096,306
54324,228
54446,122
54574,128
54810,236
55193,383
55490,297
55787,297
56192,405
56692,500
56879,187
57243,364
57514,271
57907,393
58082,175
58525,443
58879,354
59125,246
59392,267
59569,177
59695,126
59877,182
60200,323
60383,183
60883,500
61051,168
61290,239
61574,284
61765,191
61929,164
62279,350
62527,248
63027,500
63232,205
63732,500
63980,248
64127,147
64275,148
64455,180
64856,401
65196,340
65346,150
65801,455
66153,352
66421,268
66807,386
67198,391
67567,369
67750,183
67956,206
68211,255
68452,241
68865,413
69059,194
69277,218
69657,380
70012,355
70169,157
70479,310
70979,500
71136,157
71299,163
71472,173
71628,156
71909,281
72409,500
72909,500
73253,344
73421,168
73897,476
74207,310
74404,197
74589,185
74853,264
75196,343
75696,500
76196,500
76696,500
77196,500
77507,311
77920,413
78348,428
78711,363
79034,323
79441,407
79561,120
80061,500
80223,162
80723,500
81111,388
81343,232
81779,436
82048,269
82314,266
82601,287
82929,328
83131,202
83319,188
83780,461
84037,257
84414,377
84650,236
84973,323
85203,230
85564,361
85750,186
86063,313
86487,424
86977,490
87178,201
87324,146
87558,234
87782,224
88222,440
88480,258
88778,298
88914,136
89070,156
89388,318
89538,150
89904,366
90305,401
90627,322
90745,118
90915,170
91123,208
91375,252
91712,337
92031,319
92331,300
92831,500
93208,377
93532,324
93874,342
94126,252
94382,256
94563,181
94680,117
94944,264
95362,418
95522,160
96022,500
96444,422
96840,396
97096,256
97226,130
97707,481
98207,500
98707,500
99141,434
99448,307
99948,500
100167,219
100612,445
100813,201
101312,499
101689,377
102189,500
102386,197
102886,500
103210,324
103529,319
103859,330
104348,489
104812,464
105312,500
105730,418
106143,413
106643,500
106834,191
107261,427
107407,146
107579,172
107902,323
108262,360
108694,432
108810,116
108973,163
109089,116
109350,261
109850,500
110268,418
110485,217
110834,349
111334,500
111834,500
112334,500
112689,355
113144,455
113590,446
113748,158
113922,174
114363,441
114607,244
114835,228
115280,445
115434,154
115640,206
115954,314
116108,154
116518,410
117018,500
117235,217
117605,370
118105,500
118370,265
118870,500
119330,460
119589,259
120032,443
120524,492
120732,208
120907,175
121407,500
121907,500
122339,432
122572,233
122842,270
123342,500
123698,356
124198,500
124675,477
124940,265
125440,500
125756,316
125981,225
126310,329
126555,245
127055,500
127555,500
127695,140
128004,309
128383,379
128591,208
128789,198
128999,210
129499,500
129806,307
129948,142
130448,500
130727,279
130974,247
131351,377
131851,500
132351,500
132749,398
133249,500
133437,188
133827,390
134115,288
134438,323
134701,263
135148,447
135494,346
135715,221
136103,388
136603,500
137103,500
137524,421
138024,500
138202,178
138598,396
138869,271
139345,476
139845,500
140345,500
140845,500
141157,312
141621,464
141877,256
142377,500
142732,355
142958,226
143345,387
143428,83
143812,384
144148,336
144492,344
144838,346
144977,139
145477,500
145977,500
146239,262
146572,333
146834,262
147231,397
147498,267
147914,416
148206,292
148452,246
148803,351
149207,404
149549,342
150049,500
150343,294
150586,243
151086,500
151391,305
151667,276
151972,305
152295,323
152623,328
152891,268
153137,246
153637,500
153885,248
154281,396
154669,388
155007,338
155507,500
155782,275
155940,158
156440,500
156940,500
157086,146
157491,405
157696,205
158196,500
158576,380
158910,334
159047,137
159361,314
159721,360
160155,434
160655,500
161155,500
161333,178
161492,159
161596,104
161863,267
162298,435
162550,252
162868,318
163162,294
163662,500
163938,276
164225,287
164432,207
164560,128
164835,275
165022,187
165214,192
165542,328
165691,149
165848,157
166073,225
166388,315
166780,392
167280,500
167631,351
167882,251
168097,215
168475,378
168743,268
168942,199
169442,500
169614,172
170114,500
170406,292
170906,500
171287,381
171476,189
171723,247
172223,500
172723,500
173116,393
173292,176
173593,301
173707,114
174153,446
174339,186
174765,426
175080,315
175580,500
176080,500
176414,334
176914,500
177148,234
177648,500
177976,328
178330,354
178590,260
178807,217
179042,235
179522,480
179953,431
180453,500
180789,336
181124,335
181275,151
181526,251
181815,289
181990,175
182206,216
182353,147
182688,335
183188,500
183416,228
183777,361
183984,207
184327,343
184587,260
184899,312
185231,332
185556,325
186056,500
186523,467
186830,307
187150,320
187507,357
187990,483
188137,147
188452,315
188789,337
188998,209
189294,296
189683,389
189911,228
190341,430
190774,433
191042,268
191354,312
191697,343
191927,230
192160,233
192576,416
193076,500
193372,296
193796,424
193984,188
194484,500
194799,315
195218,419
195340,122
195840,500
196174,334
196434,260
196675,241
197017,342
197322,305
197759,437
198104,345
198354,250
198510,156
198868,358
199232,364
199542,310
199733,191
200025,292
200352,327
200852,500
201352,500
201474,122
201974,500
202474,500
202883,409
203383,500
203732,349
204138,406
204478,340
204821,343
205216,395
205508,292
206008,500
206290,282
206479,189
206978,499
207136,158
207383,247
207528,145
207686,158
208186,500
208585,399
208869,284
209262,393
209605,343
210105,500
210345,240
210527,182
210767,240
211264,497
211697,433
212036,339
212321,285
212697,376
213119,422
213347,228
213847,500
214314,467
214518,204
214648,130
214971,323
215278,307
215454,176
215889,435
216035,146
216535,500
216680,145
217164,484
217395,231
217743,348
217912,169
218185,273
218522,337
219018,496
219289,271
219789,500
219998,209
220159,161
220449,290
220864,415
221149,285
221504,355
222004,500
222473,469
222778,305
223278,500
223778,500
224152,374
224397,245
224600,203
224858,258
225011,153
225240,229
225369,129
225603,234
225798,195
225987,189
226141,154
226497,356
226806,309
227306,500
227502,196
227747,245
228247,500
228619,372
228925,306
229123,198
229416,293
229635,219
229856,221
230111,255
230611,500
231088,477
231253,165
231714,461
232214,500
232402,188
232902,500
233311,409
233811,500
234296,485
234492,196
234807,315
235307,500
235673,366
236014,341
236338,324
236838,500
237050,212
237187,137
237539,352
237878,339
238107,229
238550,443
238902,352
239122,220
239349,227
239830,481
240330,500
240637,307
240851,214
241351,500
241503,152
241883,380
242143,260
242378,235
242642,264
242829,187
243014,185
243514,500
243817,303
244149,332
244610,461
244806,196
245306,500
245435,129
245567,132
245749,182
246053,304
246306,253
246806,500
246946,140
247446,500
247814,368
248314,500
248799,485
248998,199
249498,500
249669,171
249844,175
250344,500
250519,175
250872,353
251372,500
251545,173
252045,500
252221,176
252480,259
252980,500
253204,224
253504,300
253702,198
253969,267
254407,438
254725,318
255080,355
255435,355
255777,342
255932,155
256141,209
256356,215
256611,255
256819,208
257041,222
257231,190
257731,500
258022,291
258393,371
258893,500
259228,335
259526,298
259808,282
260111,303
260360,249
260672,312
260987,315
261355,368
261711,356
262057,346
262431,374
262914,483
263079,165
263579,500
264079,500
264579,500
264798,219
265084,286
265198,114
265481,283
265711,230
265883,172
266143,260
266373,230
266635,262
266964,329
267226,262
267539,313
267751,212
267930,179
268430,500
268684,254
268873,189
269052,179
269361,309
269861,500
270077,216
270577,500
270928,351
271358,430
271760,402
271977,217
272318,341
272818,500
273318,500
273680,362
274155,475
274421,266
274791,370
275246,455
275541,295
275665,124
276165,500
276590,425
276970,380
277171,201
277436,265
277754,318
277887,133
278213,326
278446,233
278904,458
279145,241
279359,214
279760,401
280249,489
280749,500
281092,343
281264,172
281683,419
281803,120
282080,277
282425,345
282792,367
283292,500
283721,429
284001,280
284429,428
284929,500
285358,429
285586,228
286019,433
286267,248
286407,140
286839,432
287079,240
287579,500
287858,279
288136,278
288452,316
288719,267
288936,217
289103,167
289237,134
289360,123
289699,339
290052,353
290261,209
290495,234
290708,213
291208,500
291508,300
292008,500
292345,337
292655,310
293006,351
293506,500
293798,292
294004,206
294273,269
294773,500
294947,174
295257,310
295565,308
295931,366
296183,252
296322,139
296822,500
297173,351
297673,500
297937,264
298437,500
298937,500
299404,467
299904,500
